0.0 0.4404 0.5221 0.39 0.5338 0.3221 0.4949 0.6764 0.3224 0.3619 0.2824 0.4711 0.4167 0.5904 0.7173 0.5775 0.5499 0.4221 0.5055 0.4571 0.5697 0.5551 0.4437 0.4441 0.8536 0.4168 0.3997 0.5512 0.479 0.5693 0.5568 0.5875 0.7034 0.5737 0.4924 0.58 0.5235
0.4404 0.0 0.4413 0.4025 0.522 0.332 0.4656 0.6655 0.319 0.3014 0.2869 0.5168 0.405 0.5392 0.6751 0.462 0.5418 0.4392 0.5306 0.4375 0.5835 0.5118 0.4784 0.4206 0.8419 0.4492 0.375 0.5517 0.4672 0.5608 0.6039 0.5905 0.7251 0.6327 0.4885 0.6219 0.5023
0.5221 0.4413 0.0 0.3813 0.5718 0.353 0.5193 0.6389 0.4568 0.4286 0.3578 0.4633 0.4091 0.5913 0.7138 0.6609 0.6033 0.47 0.5801 0.581 0.6416 0.5576 0.4854 0.5197 0.8778 0.4854 0.5223 0.6791 0.5669 0.652 0.618 0.6427 0.7502 0.6427 0.5742 0.6388 0.5809
0.39 0.4025 0.3813 0.0 0.52 0.2793 0.4418 0.7003 0.363 0.3593 0.2778 0.4097 0.2776 0.5587 0.5395 0.5979 0.5598 0.3952 0.5187 0.5209 0.5825 0.5427 0.4191 0.3788 0.8645 0.4603 0.4355 0.6167 0.5265 0.6051 0.6209 0.6365 0.6909 0.6321 0.5297 0.6526 0.5462
0.5338 0.522 0.5718 0.52 0.0 0.4269 0.4933 0.7819 0.4801 0.5396 0.4988 0.5829 0.5608 0.6255 0.7883 0.6669 0.6279 0.5221 0.6276 0.5836 0.6662 0.6254 0.5632 0.4947 0.8801 0.5392 0.5067 0.7075 0.5666 0.6601 0.6725 0.6949 0.7654 0.6873 0.618 0.7028 0.6353
0.3221 0.332 0.353 0.2793 0.4269 0.0 0.3336 0.7613 0.2814 0.335 0.2743 0.4142 0.3313 0.467 0.6519 0.5784 0.4838 0.196 0.3636 0.3752 0.4692 0.4133 0.2557 0.3263 0.8178 0.2865 0.2972 0.5179 0.3899 0.5108 0.4981 0.5359 0.669 0.4996 0.4173 0.5553 0.4443
0.4949 0.4656 0.5193 0.4418 0.4933 0.3336 0.0 0.7887 0.3854 0.4934 0.4157 0.5256 0.5073 0.6269 0.7039 0.6865 0.6166 0.4362 0.5344 0.4799 0.5962 0.5719 0.4731 0.4853 0.8398 0.4898 0.3796 0.5925 0.5011 0.6282 0.6146 0.6332 0.7161 0.6149 0.5743 0.6745 0.5939
0.6764 0.6655 0.6389 0.7003 0.7819 0.7613 0.7887 0.0 0.678 0.6664 0.63 0.7382 0.6238 0.7273 0.7967 0.7405 0.7327 0.6963 0.8024 0.7137 0.8064 0.7026 0.7176 0.7181 0.8919 0.7178 0.7401 0.804 0.7625 0.7835 0.7879 0.7833 0.8749 0.8277 0.7928 0.8005 0.7637
0.3224 0.319 0.4568 0.363 0.4801 0.2814 0.3854 0.678 0.0 0.332 0.2789 0.4709 0.3971 0.5556 0.6576 0.5855 0.4631 0.4142 0.4767 0.3598 0.5393 0.4973 0.4391 0.358 0.8593 0.4034 0.2793 0.5031 0.3774 0.4996 0.5251 0.5592 0.6544 0.4953 0.4714 0.5691 0.5342
0.3619 0.3014 0.4286 0.3593 0.5396 0.335 0.4934 0.6664 0.332 0.0 0.3205 0.4403 0.3613 0.5611 0.6636 0.6113 0.5415 0.4367 0.5145 0.483 0.6177 0.552 0.4661 0.4109 0.8401 0.4801 0.4154 0.5884 0.5333 0.6096 0.6162 0.6379 0.72 0.613 0.5627 0.6508 0.5623
0.2824 0.2869 0.3578 0.2778 0.4988 0.2743 0.4157 0.63 0.2789 0.3205 0.0 0.3598 0.3269 0.5177 0.6136 0.5425 0.5263 0.3874 0.4909 0.4607 0.5536 0.5002 0.4042 0.3566 0.8442 0.4079 0.3519 0.5571 0.4816 0.5731 0.5855 0.6141 0.7374 0.613 0.5099 0.6206 0.5182
0.4711 0.5168 0.4633 0.4097 0.5829 0.4142 0.5256 0.7382 0.4709 0.4403 0.3598 0.0 0.4842 0.6849 0.7093 0.7462 0.6234 0.5095 0.6074 0.6006 0.6604 0.5628 0.5089 0.4746 0.8542 0.5502 0.5453 0.6557 0.6279 0.7153 0.6512 0.7029 0.7472 0.6881 0.6667 0.7237 0.6564
0.4167 0.405 0.4091 0.2776 0.5608 0.3313 0.5073 0.6238 0.3971 0.3613 0.3269 0.4842 0.0 0.5511 0.6109 0.5815 0.5715 0.4293 0.5515 0.512 0.6136 0.5249 0.4528 0.4045 0.8679 0.4643 0.4382 0.6293 0.5364 0.5844 0.634 0.6214 0.6914 0.6311 0.5528 0.6498 0.5323
0.5904 0.5392 0.5913 0.5587 0.6255 0.467 0.6269 0.7273 0.5556 0.5611 0.5177 0.6849 0.5511 0.0 0.6917 0.6391 0.695 0.4138 0.5538 0.56 0.5983 0.5484 0.4406 0.5801 0.8568 0.6056 0.6189 0.687 0.6496 0.6986 0.774 0.7562 0.8244 0.7667 0.6823 0.7644 0.673
0.7173 0.6751 0.7138 0.5395 0.7883 0.6519 0.7039 0.7967 0.6576 0.6636 0.6136 0.7093 0.6109 0.6917 0.0 0.7456 0.7394 0.6865 0.7736 0.7376 0.842 0.6737 0.6865 0.5809 0.9534 0.7666 0.6841 0.7796 0.7507 0.7757 0.8308 0.7885 0.8568 0.8431 0.7726 0.8191 0.763
0.5775 0.462 0.6609 0.5979 0.6669 0.5784 0.6865 0.7405 0.5855 0.6113 0.5425 0.7462 0.5815 0.6391 0.7456 0.0 0.6701 0.6308 0.7231 0.6666 0.7291 0.658 0.6624 0.6307 0.9237 0.6461 0.6389 0.7328 0.64 0.6603 0.7733 0.7076 0.8211 0.7829 0.6706 0.7658 0.6633
0.5499 0.5418 0.6033 0.5598 0.6279 0.4838 0.6166 0.7327 0.4631 0.5415 0.5263 0.6234 0.5715 0.695 0.7394 0.6701 0.0 0.5793 0.6432 0.5714 0.7003 0.6028 0.5956 0.5533 0.8641 0.5469 0.4902 0.6382 0.5613 0.6518 0.6634 0.6217 0.7815 0.6763 0.6195 0.6928 0.5612
0.4221 0.4392 0.47 0.3952 0.5221 0.196 0.4362 0.6963 0.4142 0.4367 0.3874 0.5095 0.4293 0.4138 0.6865 0.6308 0.5793 0.0 0.2761 0.3918 0.5117 0.372 0.2233 0.428 0.7479 0.3699 0.4018 0.5587 0.4945 0.5905 0.6014 0.6263 0.7295 0.6149 0.5398 0.6233 0.5565
0.5055 0.5306 0.5801 0.5187 0.6276 0.3636 0.5344 0.8024 0.4767 0.5145 0.4909 0.6074 0.5515 0.5538 0.7736 0.7231 0.6432 0.2761 0.0 0.395 0.5668 0.5598 0.3017 0.5018 0.829 0.4441 0.4877 0.5503 0.5784 0.669 0.661 0.6714 0.7721 0.6639 0.6269 0.6839 0.6509
0.4571 0.4375 0.581 0.5209 0.5836 0.3752 0.4799 0.7137 0.3598 0.483 0.4607 0.6006 0.512 0.56 0.7376 0.6666 0.5714 0.3918 0.395 0.0 0.4735 0.507 0.4167 0.4547 0.8656 0.4269 0.3344 0.4963 0.4107 0.5223 0.5476 0.546 0.7053 0.6028 0.5109 0.6352 0.509
0.5697 0.5835 0.6416 0.5825 0.6662 0.4692 0.5962 0.8064 0.5393 0.6177 0.5536 0.6604 0.6136 0.5983 0.842 0.7291 0.7003 0.5117 0.5668 0.4735 0.0 0.6589 0.4914 0.58 0.8908 0.4764 0.5539 0.5919 0.5878 0.7007 0.652 0.674 0.7782 0.6842 0.6351 0.706 0.6444
0.5551 0.5118 0.5576 0.5427 0.6254 0.4133 0.5719 0.7026 0.4973 0.552 0.5002 0.5628 0.5249 0.5484 0.6737 0.658 0.6028 0.372 0.5598 0.507 0.6589 0.0 0.4172 0.5283 0.8201 0.5316 0.532 0.6436 0.5893 0.6167 0.677 0.6618 0.7546 0.6969 0.6425 0.697 0.6315
0.4437 0.4784 0.4854 0.4191 0.5632 0.2557 0.4731 0.7176 0.4391 0.4661 0.4042 0.5089 0.4528 0.4406 0.6865 0.6624 0.5956 0.2233 0.3017 0.4167 0.4914 0.4172 0.0 0.446 0.8299 0.412 0.4425 0.5713 0.5366 0.6252 0.6108 0.6262 0.7348 0.6335 0.554 0.6665 0.5859
0.4441 0.4206 0.5197 0.3788 0.4947 0.3263 0.4853 0.7181 0.358 0.4109 0.3566 0.4746 0.4045 0.5801 0.5809 0.6307 0.5533 0.428 0.5018 0.4547 0.58 0.5283 0.446 0.0 0.8442 0.464 0.4043 0.5521 0.4997 0.5993 0.5734 0.6315 0.7217 0.6395 0.5574 0.661 0.571
0.8536 0.8419 0.8778 0.8645 0.8801 0.8178 0.8398 0.8919 0.8593 0.8401 0.8442 0.8542 0.8679 0.8568 0.9534 0.9237 0.8641 0.7479 0.829 0.8656 0.8908 0.8201 0.8299 0.8442 0.0 0.8614 0.8483 0.8885 0.9134 0.9168 0.9034 0.9375 0.9652 0.9161 0.8989 0.9286 0.9199
0.4168 0.4492 0.4854 0.4603 0.5392 0.2865 0.4898 0.7178 0.4034 0.4801 0.4079 0.5502 0.4643 0.6056 0.7666 0.6461 0.5469 0.3699 0.4441 0.4269 0.4764 0.5316 0.412 0.464 0.8614 0.0 0.3679 0.5415 0.4223 0.5882 0.4753 0.5679 0.6954 0.5468 0.4847 0.5574 0.4955
0.3997 0.375 0.5223 0.4355 0.5067 0.2972 0.3796 0.7401 0.2793 0.4154 0.3519 0.5453 0.4382 0.6189 0.6841 0.6389 0.4902 0.4018 0.4877 0.3344 0.5539 0.532 0.4425 0.4043 0.8483 0.3679 0.0 0.4857 0.3069 0.4594 0.5318 0.5285 0.6706 0.5363 0.4323 0.5613 0.4352
0.5512 0.5517 0.6791 0.6167 0.7075 0.5179 0.5925 0.804 0.5031 0.5884 0.5571 0.6557 0.6293 0.687 0.7796 0.7328 0.6382 0.5587 0.5503 0.4963 0.5919 0.6436 0.5713 0.5521 0.8885 0.5415 0.4857 0.0 0.5819 0.6788 0.6254 0.6372 0.7783 0.6611 0.6661 0.6822 0.6066
0.479 0.4672 0.5669 0.5265 0.5666 0.3899 0.5011 0.7625 0.3774 0.5333 0.4816 0.6279 0.5364 0.6496 0.7507 0.64 0.5613 0.4945 0.5784 0.4107 0.5878 0.5893 0.5366 0.4997 0.9134 0.4223 0.3069 0.5819 0.0 0.5003 0.4848 0.5475 0.6868 0.5033 0.4302 0.5539 0.4048
0.5693 0.5608 0.652 0.6051 0.6601 0.5108 0.6282 0.7835 0.4996 0.6096 0.5731 0.7153 0.5844 0.6986 0.7757 0.6603 0.6518 0.5905 0.669 0.5223 0.7007 0.6167 0.6252 0.5993 0.9168 0.5882 0.4594 0.6788 0.5003 0.0 0.6009 0.6482 0.6977 0.6385 0.5614 0.6297 0.5445
0.5568 0.6039 0.618 0.6209 0.6725 0.4981 0.6146 0.7879 0.5251 0.6162 0.5855 0.6512 0.634 0.774 0.8308 0.7733 0.6634 0.6014 0.661 0.5476 0.652 0.677 0.6108 0.5734 0.9034 0.4753 0.5318 0.6254 0.4848 0.6009 0.0 0.6114 0.7329 0.5304 0.5531 0.6089 0.5428
0.5875 0.5905 0.6427 0.6365 0.6949 0.5359 0.6332 0.7833 0.5592 0.6379 0.6141 0.7029 0.6214 0.7562 0.7885 0.7076 0.6217 0.6263 0.6714 0.546 0.674 0.6618 0.6262 0.6315 0.9375 0.5679 0.5285 0.6372 0.5475 0.6482 0.6114 0.0 0.8169 0.6233 0.622 0.6308 0.5245
0.7034 0.7251 0.7502 0.6909 0.7654 0.669 0.7161 0.8749 0.6544 0.72 0.7374 0.7472 0.6914 0.8244 0.8568 0.8211 0.7815 0.7295 0.7721 0.7053 0.7782 0.7546 0.7348 0.7217 0.9652 0.6954 0.6706 0.7783 0.6868 0.6977 0.7329 0.8169 0.0 0.7402 0.7166 0.7435 0.7018
0.5737 0.6327 0.6427 0.6321 0.6873 0.4996 0.6149 0.8277 0.4953 0.613 0.613 0.6881 0.6311 0.7667 0.8431 0.7829 0.6763 0.6149 0.6639 0.6028 0.6842 0.6969 0.6335 0.6395 0.9161 0.5468 0.5363 0.6611 0.5033 0.6385 0.5304 0.6233 0.7402 0.0 0.538 0.593 0.5361
0.4924 0.4885 0.5742 0.5297 0.618 0.4173 0.5743 0.7928 0.4714 0.5627 0.5099 0.6667 0.5528 0.6823 0.7726 0.6706 0.6195 0.5398 0.6269 0.5109 0.6351 0.6425 0.554 0.5574 0.8989 0.4847 0.4323 0.6661 0.4302 0.5614 0.5531 0.622 0.7166 0.538 0.0 0.6109 0.438
0.58 0.6219 0.6388 0.6526 0.7028 0.5553 0.6745 0.8005 0.5691 0.6508 0.6206 0.7237 0.6498 0.7644 0.8191 0.7658 0.6928 0.6233 0.6839 0.6352 0.706 0.697 0.6665 0.661 0.9286 0.5574 0.5613 0.6822 0.5539 0.6297 0.6089 0.6308 0.7435 0.593 0.6109 0.0 0.5359
0.5235 0.5023 0.5809 0.5462 0.6353 0.4443 0.5939 0.7637 0.5342 0.5623 0.5182 0.6564 0.5323 0.673 0.763 0.6633 0.5612 0.5565 0.6509 0.509 0.6444 0.6315 0.5859 0.571 0.9199 0.4955 0.4352 0.6066 0.4048 0.5445 0.5428 0.5245 0.7018 0.5361 0.438 0.5359 0.0
